6316
327
3146
8381
9464
3953
8419
1680
8855
8921
6265
3667
591
1621
898
8012
8611
6089
2067
6048
714
6186
3393
8324
727
6078
4992
9549
4529
5177
1814
767
2220
4161
9655
3681
4141
4378
1177
7287
281
3865
2545
2821
1830
7827
2211
5313
9511
2511
325
8528
6211
4748
4375
3614
8442
1532
1691
4381
8756
1563
1185
6469
2723
2109
1454
9771
4971
1768
7318
9364
1281
5409
5216
3222
4603
189
4303
5460
9997
2192
6938
8517
2349
7983
7460
861
1311
9553
8835
3009
2856
2025
8668
5238
3150
3068
4147
2530
101
5521
2527
9512
2771
187
4372
9247
1852
7391
198
8170
149
7459
4796
8272
5828
2892
1097
8645
1821
4383
1731
6591
9077
224
8431
241
9810
7861
5282
8593
9672
2226
3665
9669
2701
3901
8273
3313
8405
6379
6518
1050
102
8688
87
9957
8163
4802
6039
3143
4340
5814
1133
4069
7323
7024
3996
2116
7071
3510
2842
9674
2517
7212
8716
6011
8208
1880
4903
4364
4168
2479
4016
3042
1455
1206
795
4210
3724
3505
271
6065
3235
9173
5023
6426
6681
3345
2577
9301
5344
347
6412
3002
272
5664
250
3661
6685
550
1344
739
2717
7906
3091
8578
4804
440
2744
9646
1561
1775
3588
2876
4254
4155
5421
6290
4523
7232
567
869
3155
3012
3287
1032
6732
797
3026
658
8106
7662
4893
2488
5187
1709
7373
1373
4812
9775
1735
4761
4297
1304
9121
398
3616
6511
4415
1283
5878
3640
9493
8909
5039
1591
938
975
6385
6562
6050
9105
1473
9759
9491
6549
6915
6177
2064
1442
8253
1246
128
8972
1507
2379
4374
7401
9819
2845
4777
3005
7770
6088
8301
5022
8020
9603
3847
4432
1791
6481
8268
7832
9344
7593
1314
4524
5995
9294
3340
384
3910
1329
3881
2982
214
5525
1021
5423
6675
5453
8592
5527
2562
3166
9112
4659
5031
2653
5769
2743
1305
319
6744
1513
9148
3770
6315
9453
9044
2913
870
6745
215
4283
9391
6818
8330
8748
8394
2988
450
2617
2412
1044
5799
11
282
5861
9068
4891
7335
9018
6683
210
3306
5176
5803
3524
2616
8947
4191
1734
6917
702
4334
2807
4712
220
8352
5074
459
5215
1601
6108
2288
6842
4855
4682
2844
9267
631
5360
372
768
9828
4516
3660
9125
517
5275
4219
6119
111
761
5061
1227
5846
3508
110
1654
799
4241
4684
9421
7759
4052
7045
773
780
419
9428
2891
9379
1518
2736
7704
8122
4376
1664
2760
1148
7639
7600
3607
2337
7568
1062
8715
2509
6456
3879
1412
5254
8101
6066
8234
2155
5508
5726
3272
9182
1474
7877
6068
8196
3777
3268
6867
7629
4950
2160
4107
5246
3494
3134
1584
3755
2662
3571
2328
8522
3258
7365
1222
8047
7337
936
578
1681
2694
9873
6142
98
2727
484
8657
3018
4145
1977
4960
9676
6377
1394
1231
1005
2052
2405
1779
1188
8551
1944
5681
1524
9111
8990
31
6450
1608
5054
418
9557
8044
1406
1920
5093
3821
408
264
7210
9447
3077
1459
3413
1517
6107
3446
8763
3254
1551
806
3697
4981
8996
9079
6652
2465
8638
6865
6766
1579
6242
1460
3649
7894
2742
2092
4063
5687
6960
9086
5588
8308
2347
5937
337
2360
8844
159
9731
7936
8853
1628
3872
3747
6635
1196
6413
4404
6626
5015
8429
9832
1777
8399
6821
8940
4618
6096
8432
4439
2606
9627
7245
5625
6366
1056
307
3045
9297
3457
2372
9233
827
213
856
2578
9665
2721
6306
6109
5976
9800
7351
743
8469
321
2254
9157
7198
8769
7241
7339
3415
6796
6368
6768
8980
2631
2614
4887
6844
9864
9441
5590
8755
2387
6931
8510
9342
6905
8595
5596
4127
3574
37
7765
8831
726
5211
843
5948
3176
457
1461
5468
3760
9955
9432
9075
9586
8976
552
8935
1445
4357
1994
4332
5980
6677
3412
8761
5549
9046
186
3789
9278
6673
9113
7169
369
1151
4343
9934
2676
3528
4336
121
8236
5826
2249
663
4638
2657
646
2012
1039
8938
8588
7711
3108
9299
1666
1475
6275
2923
6606
7904
4182
8428
933
6080
9595
7756
6248
4596
1070
1067
2765
8948
4695
6100
2772
546
2669
812
514
2051
9989
2874
3981
1371
3716
129
3689
3215
62
5544
9322
4661
3801
1074
1287
545
8745
1989
7349
9032
2692
118
4183
3168
8975
6650
6787
8589
4798
3062
6191
3863
9454
8238
6764
1935
2265
2999
391
3930
8586
2478
2476
558
40
2168
5599
8790
4923
4532
2490
6970
85
4880
3065
5627
1153
9592
5048
9780
5328
2770
5436
2057
7078
1651
3098
7615
3832
9855
3718
4764
4028
8583
434
4662
2623
3984
7914
8252
4471
7302
9602
505
561
8237
9611
1987
4690
4227
9270
7106
1612
9449
5424
6147
674
7630
7227
357
1236
222
6567
6167
1091
9730
1772
6334
1277
8587
553
5427
791
83
4647
4632
9866
2304
6914
8617
5477
3046
9398
5286
9813
7967
1928
7508
2943
1216
1993
863
9315
1668
8648
2537
2840
7320
2877
2234
5186
28
3733
4250
3926
2521
1146
3710
2298
9845
3601
2732
2034
8965
239
903
8307
2637
7497
230
211
8195
6774
1420
2373
2560
833
3628
3664
5974
7818
8313
43
1252
3461
1624
5020
8605
7048
9510
2471
5287
7646
4015
1992
6631
1952
1868
7028
686
1799
5874
2032
6992
4441
8166
7601
6131
7130
1308
956
6811
1547
2582
8045
8560
2054
2244
1327
142
5108
6700
9413
8416
872
178
1268
8011
4040
4859
7010
899
9849
7516
3924
3038
9024
6602
5869
385
8257
6122
2069
8304
6227
1649
6510
5889
7466
5269
9503
4296
1594
1548
1636
9355
607
301
9898
3552
3961
1936
4237
2931
5740
4417
416
800
417
2423
5129
7604
166
1528
635
4774
2158
8712
2331
8378
3328
3292
3696
6836
2544
2301
5867
4678
1991
8962
934
6132
3407
3959
5321
6919
4481
547
5099
3663
1539
1931
894
1964
6321
3322
2343
4786
1781
3325
4680
1845
5042
5651
1489
7381
4758
1870
5604
5030
9748
8436
4667
8179
4599
2795
5272
5237
5154
1945
2087
9226
2554
7701
1356
1124
5864
1384
5283
2947
4148
5986
5153
2176
926
1951
1871
5141
8284
1182
8770
9576
2130
1685
7360
8765
3734
3641
5865
1900
2655
1762
2241
6217
4699
8142
6467
8314
329
6942
378
4420
7551
7560
8515
3502
5372
2225
5161
2094
5130
8265
1336
300
1908
3937
5737
6508
338
3582
3238
4930
3826
2021
4167
3658
2841
4633
2257
9548
5148
3057
6234
8491
6288
3520
918
2825
1165
1546
7190
6684
2108
7180
8674
5107
2432
3347
1803
5205
5900
4610
1695
8280
6084
2428
177
7570
5126
7447
4263
4109
70
3174
6907
9288
3073
8050
5733
2980
1019
8738
3754
7989
8346
8317
4656
5731
1374
3284
8571
3531
4196
9509
6586
3766
1073
5316
1763
7929
4213
2091
9925
9839
4852
3535
6052
1975
2103
2314
9967
8720
615
1674
9744
1241
6220
9801
1229
2851
7021
387
9115
5577
7465
6283
4046
4689
4982
3175
1853
447
7112
7292
8492
9208
7077
7584
4978
866
4501
8817
2179
9411
5565
9323
4606
7838
750
8644
4872
2714
8809
1889
6085
1022
2706
3144
1611
5341
590
4877
7695
3261
9042
2262
6261
3396
6948
1511
2003
2583
9733
4557
2310
7490
3270
6235
5257
7550
2001
2186
8810
7471
1497
377
5276
4904
1509
6398
433
5613
6069
8189
3833
7730
352
5585
6160
218
845
5746
6460
9433
4325
4865
7789
8328
4517
1346
3732
8203
8550
4010
1609
7327
8103
6565
3019
8846
3219
7176
9356
6056
1767
3818
1585
7769
2173
1263
1883
3344
7072
2787
5364
9025
6663
5007
1176
7526
5978
3445
5734
6731
8219
280
9686
5207
4128
7347
7816
2285
7696
7274
2162
4926
2275
9228
976
2383
4026
6447
3377
2651
5252
9430
1677
5118
8538
1572
3243
6642
3422
9998
4569
3154
1676
3563
6477
8518
9241
9809
2601
2274
6012
6772
1404
2074
6390
1833
2839
5953
233
2634
1909
1149
5720
3032
8959
6757
2408
1012
8771
5670
1031
9063
4702
9455
1739
7211
5665
952
1197
4144
737
1330
451
7380
2559
4921
3348
7648
7798
6185
6965
4385
2031
708
984
9881
1861
4657
2316
1787
2535
1405
9320
6199
2460
9698
1616
8462
9752
1984
1496
8081
5678
4076
2390
7619
323
7755
4349
2236
5950
8482
692
4622
3010
8646
3792
2324
2507
3906
6183
8331
8376
2964
7206
4025
8464
665
4214
4918
5190
4917
5224
8705
8960
7692
3282
4397
5943
735
5452
7633
4881
5973
8251
8865
6994
7392
7300
2
2000
904
3193
8591
5440
2711
3003
6612
4509
5691
6893
309
2838
1885
5701
6038
7918
1331
1351
9418
3085
3913
892
5389
2421
2981
7122
1230
2584
4720
9263
3191
2038
8540
3198
7510
6365
572
9231
6507
2322
3220
792
9884
6921
410
9022
439
6370
2181
9153
6113
9971
4768
5917
4637
1326
877
7194
8055
3423
6714
5607
666
3117
9426
5379
7512
7644
4412
6926
7137
4875
2817
8655
9104
1953
6302
9834
3411
4983
2753
917
316
685
1393
3207
4408
1530
7607
5981
6483
4679
909
5801
5977
3080
9537
7728
8160
5655
90
3067
4788
4571
9664
9818
1998
2630
7540
4550
6954
8019
461
9852
757
4621
9827
1449
8690
5535
2918
286
5021
9721
2799
6503
7899
3370
477
9380
9508
1510
5047
8021
6517
1416
5743
1542
2480
4651
1386
9692
9351
1508
5630
3489
2505
429
2043
588
4315
2759
7127
1278
448
179
4937
731
4438
9700
7956
2596
5231
1117
3043
9869
1955
365
804
2788
8553
2806
2409
251
9573
3253
7419
2678
3672
7585
7243
193
5845
7197
6924
1921
4988
6172
5968
1665
8854
7445
9544
2467
1316
6940
8781
8709
9082
9718
2102
8893
9230
2953
9621
2691
1946
3634
1395
4736
1228
160
5243
7145
1655
7285
8124
5923
4269
2245
9341
4547
3606
3793
1678
8371
669
1391
1641
9373
7790
8602
9370
5319
3791
4024
5349
6486
2437
3774
2702
3456
5684
2593
7228
4826
322
7094
5555
2151
9523
713
8734
9065
9217
9028
8661
5138
2177
1884
6752
6847
5502
3858
473
4335
668
8243
1782
8477
4977
4465
5609
8038
824
1997
1418
4827
351
6295
7422
1802
7341
8813
8087
2398
9631
605
637
9613
5892
8859
2341
5552
6454
659
599
4377
5659
6887
4
1424
9206
3483
92
2295
7220
530
6559
1505
6691
3580
8486
6046
9687
9588
2326
850
8263
5998
5795
127
7138
7878
315
3037
4825
5449
5547
7116
5284
8742
3184
3312
4969
1607
9423
2171
5103
1313
2906
3208
7204
472
1107
1027
7862
8978
2282
3838
261
4436
9904
2096
6966
7776
5558
1759
9609
6461
8005
4479
6616
9307
4469
6192
5411
2397
9442
2626
9469
2506
7134
4717
7691
6575
7737
4373
5264
9130
5309
7053
6305
4097
2224
2924
9444
1193
3687
2870
6157
7478
8216
5136
7857
9814
838
7958
2919
6969
2912
8115
3951
754
501
3113
725
5273
6429
5693
9556
9089
891
2072
2885
2543
6035
4165
7089
1534
3079
7814
1634
5755
1795
7791
622
7740
3252
1834
8799
7848
8779
2746
97
4299
9321
4405
8979
5997
8539
8524
929
1250
1219
7269
1271
4391
9039
3912
8673
6270
8594
5553
4943
1533
2261
1332
3367
6249
9478
366
4476
7673
299
8924
9420
5820
4204
3403
4941
1357
3509
2029
1392
8837
140
7095
395
997
718
8088
2204
7520
7921
2410
6588
3217
2014
7640
7345
7124
1061
1312
2396
1382
4206
4493
3507
188
2466
174
1055
373
5551
8445
2486
7850
9790
6083
4821
3016
8672
6000
9889
442
9463
5661
2599
2297
9902
2944
9031
7406
4732
497
5823
4908
5396
6117
6006
3518
6125
2538
5557
77
1411
9457
3112
7450
310
2256
1778
5610
4708
4276
8667
9
4873
105
49
9513
2513
5086
7812
9252
7017
1396
3548
9596
647
2889
9471
168
667
3356
2035
8757
7393
5798
3944
4899
1797
7031
7306
6272
1144
4416
6204
5116
2438
4634
6253
5012
5967
6878
350
8223
2386
4022
1178
2447
1154
7129
2566
9755
1529
5415
3973
1415
6136
4828
2938
9277
1224
1080
4765
3534
5850
4573
470
3579
922
8145
8821
6952
4346
6250
364
807
2055
6214
1048
4968
2235
1487
6823
7054
1971
1831
2458
4953
2159
2149
5895
5568
8080
7543
947
4135
756
5250
2668
5174
1537
6765
3279
4787
7476
4585
9794
8068
1643
1402
3788
8780
9479
7649
3916
2114
2555
1687
5781
9298
1214
3061
2523
8618
8991
2036
1705
8665
3773
9994
8000
8341
2580
7972
3864
2137
7534
7265
2010
2277
3443
8669
9931
3968
2635
5494
5370
9723
5353
3095
4560
8736
9711
7886
8911
4666
5581
4628
1818
3022
192
4225
6433
9978
2403
4200
2585
1368
9758
1136
1706
596
1175
7295
8849
4258
1274
3831
5704
1860
6637
5384
5517
8922
4157
1670
8463
3417
1812
3484
2646
169
1523
519
305
6923
1234
4078
675
2456
1247
7907
2016
3040
837
3060
5796
9784
386
2356
7105
1746
4589
9170
9628
1006
3680
7311
4083
492
983
1253
1796
8910
6386
1707
9707
9894
6568
2805
9976
7715
126
1855
91
8484
6320
6806
2269
9196
1099
7464
4033
895
7375
4072
3321
5509
2757
7159
1245
5887
9163
943
3780
2718
7414
6238
4742
4779
9088
9868
8607
5347
1899
6725
353
3464
9606
135
7591
5109
4645
8386
3401
5936
39
3598
9314
2682
8003
5362
3335
5222
5253
4782
6354
4888
122
6162
1159
3137
8507
7722
3917
630
6584
4256
4681
9923
9417
1758
7525
7348
8842
2362
6792
4268
9966
2238
4612
3182
9529
921
3041
1049
6181
9885
2990
7494
985
494
9555
993
7427
2120
103
2591
1328
1025
5106
3491
1968
2098
1139
4741
6899
522
5446
3995
421
4057
4822
2270
1700
9589
2492
5489
5426
4565
8636
7242
9525
7771
5885
113
9808
8158
6095
9212
8054
586
9974
9891
7781
1366
2124
805
3560
7638
9304
4919
4805
8619
7986
1743
5200
3632
1337
9354
9610
1180
5064
1765
3843
9806
3875
8988
6891
67
3373
3063
9768
6387
2140
3427
2202
9492
3855
9283
75
2212
2157
9618
4169
1207
7444
7368
6076
2100
3797
3035
937
8198
9260
1375
6640
2439
7333
4231
1083
1671
8369
3025
3428
8894
2611
817
388
916
6529
6274
1258
4444
9585
2600
4029
9216
5529
1578
7749
9274
8732
4264
1839
5786
9653
9683
906
2136
7532
2766
9515
7304
7267
2367
4939
4750
4275
540
6574
9917
1123
3311
4785
4454
344
5245
2210
493
9680
8345
2443
9690
1063
8887
8128
7938
1422
811
8971
8338
6892
7806
2729
3998
650
9367
5983
678
306
6619
7796
9227
4558
2400
1836
2138
4912
5163
4398
3326
5648
2797
3868
6293
3199
7247
8393
7162
8546
912
9292
3034
873
8311
633
8089
6400
9943
3559
740
4320
371
9249
4829
7746
4323
1288
4085
2618
4685
7482
3247
4847
662
3195
9137
383
9056
1974
3839
8537
6552
8377
6474
3397
5330
9942
4972
5666
657
8498
8355
1738
8634
1103
7435
661
734
1851
9239
9331
6443
7217
2973
6023
4709
8401
7277
4031
3532
263
9888
3064
2187
7288
5694
2470
9725
5451
3647
580
5673
5433
4673
6988
7839
1776
6301
3592
4435
4178
1035
3720
2066
4495
8466
7820
3256
412
3414
6506
3804
9776
4590
4068
5844
498
1657
1916
2709
7254
4447
9149
3058
7548
7547
613
8562
7397
4641
5847
6524
7001
1704
3708
1088
3180
9536
1729
6662
3575
2951
6196
2364
3763
2674
5058
1593
1652
8070
8480
6610
4672
6760
6163
1948
7869
2737
9001
3130
7842
2276
5102
1898
9743
2232
486
5010
3584
2524
5504
3211
8323
815
830
823
2693
6767
7511
9477
7157
2433
2836
345
3593
8108
8283
4088
8519
8287
2406
9365
7636
2246
8391
3693
7807
6309
7622
3240
5946
2627
842
7976
6176
2776
4087
5824
2266
7201
9279
3122
9714
6533
9302
5448
1480
7147
6444
1093
818
1736
7152
4892
1089
6702
9677
535
2605
9300
752
7109
970
6111
48
4203
7694
1458
2366
5144
809
6351
4576
7188
832
4126
6446
4005
819
293
5696
2344
510
9402
9401
5640
5214
2824
6453
5880
460
1376
134
4361
6609
7480
2550
3581
9975
6703
6277
2932
1841
556
6815
2440
2650
3295
8873
5124
7086
2820
8256
7911
8878
3778
6223
2878
7175
8211
6875
3562
4677
7384
3229
2830
7721
7783
2991
4933
5994
3727
9804
1492
2110
9930
5485
5188
9327
7780
5357
2320
8883
5014
4342
7282
1854
9446
7517
966
2735
6936
5032
2359
7237
2424
723
5429
1321
3214
499
9129
1965
8521
7236
5036
6682
597
1096
3452
621
7987
7455
2659
5591
1353
8437
4234
1755
8302
4630
3275
6592
5612
8354
455
2250
1531
258
4952
1865
4363
4382
6978
2375
9751
8305
5834
3504
3893
4281
2368
9343
1512
5398
9598
4122
7965
8154
1829
2129
600
5934
520
778
6488
1156
7590
2105
355
1882
3145
3638
548
1324
3124
5380
7082
3315
1970
5000
2169
9518
7484
5813
4604
4009
3775
8411
7008
3126
2351
2952
2959
2483
1741
5531
1482
643
4806
3096
6260
1210
4333
571
5221
8470
5302
3880
656
1414
5052
2167
4366
1780
7442
744
6741
9238
8443
4176
1617
9006
4324
5491
4654
6361
5156
8520
9361
5412
8258
5757
9867
8105
2354
9840
7858
6569
1925
7674
7049
1004
6722
6794
6877
1057
9131
4059
5797
336
5297
4518
5873
6055
7415
2829
4738
6649
8785
2909
6322
3283
6617
8635
1881
7845
4483
6603
6371
1560
4106
9699
6902
7299
6127
603
5195
8264
1862
1369
3537
3248
5626
328
2041
5992
9336
867
8926
2648
5586
2561
738
8303
7657
8877
9608
6536
1747
3406
8952
2801
2026
6208
6294
7342
742
7912
6713
728
3162
8296
9120
8797
5475
226
585
7915
1872
2713
9312
2548
2201
6889
9928
1251
2444
8531
2494
1721
7389
1014
6777
9459
109
5935
1145
8614
3438
1726
1701
7239
9735
4607
6105
6955
1906
5772
4442
5462
7170
2956
1926
7609
4916
9262
8083
2305
8814
9412
4280
44
4434
7554
4542
9713
6335
528
2183
6020
4089
573
9436
4539
453
4451
3048
9350
7022
3189
6632
6688
8934
2888
1972
5767
8266
8895
495
8190
574
8297
5406
27
6861
5183
7580
2802
8664
3192
9007
6900
7255
3400
3746
8388
3416
8704
9254
2968
1556
1574
3622
1352
4562
9074
7205
7943
9410
8292
5749
1233
2491
9011
8554
6742
2247
2832
1973
6749
3730
7328
582
4507
6804
9861
7303
7307
238
3276
7602
551
4593
8186
6838
5306
3830
3075
3251
883
349
2283
7686
1273
8207
326
108
7949
7338
8701
3100
3074
1490
939
2547
6090
682
5487
1730
878
6300
4226
2139
3947
5742
9540
6883
6230
2156
950
6859
4120
7260
2553
7042
9514
5240
2121
195
3093
8449
8046
1699
4795
6598
9817
2296
7062
7052
6120
2200
664
6674
4650
6407
7441
9083
7642
4285
8872
236
2722
2592
8385
8017
8504
8612
624
4831
6843
2229
283
959
2767
8536
8545
5247
3544
5213
1297
606
9507
8966
8247
1127
7933
334
6728
9319
732
8062
8
1259
5493
2180
2502
9197
7474
4897
5248
8628
7922
3963
5778
8327
7301
1959
6313
7890
4701
9081
2621
9938
9335
3918
876
5851
1306
6455
9280
7398
1023
3723
698
6009
7753
2700
2945
2813
5756
2112
2942
8724
4676
2871
3932
9991
5265
4012
1642
3027
8590
6579
9269
5170
2348
1863
8100
7408
3054
8451
1950
1790
379
4737
8819
165
707
3700
8321
884
7575
4722
6492
3353
8111
2872
681
5003
9590
148
2216
6101
7852
8418
3281
253
8548
2826
4692
3678
9363
2853
9851
5916
8117
2781
1725
6462
9862
963
7330
199
4944
5652
7909
2345
180
6659
2273
1586
4124
1947
7873
4729
1544
955
8928
1400
8826
8828
7611
6523
1081
3389
4440
9439
967
3713
3895
7272
9371
7172
9630
9180
6797
4368
1090
9964
6480
4426
7564
1116
2306
9235
19
5005
1085
6188
1527
3468
3812
7126
7332
6974
8400
1186
3139
2388
8568
7893
3550
9460
6148
5520
5463
5621
399
636
4160
8827
8016
3540
575
1688
8886
6239
3262
3626
7064
5979
288
6247
1491
7248
5918
8248
2539
4229
813
5281
5308
2969
5748
3824
2860
6672
4274
5641
5223
4932
8167
4073
7990
4775
5709
8040
1140
9694
9015
114
7477
1703
3242
1632
9947
2683
801
5618
221
9558
2145
543
3448
2330
8679
8036
6608
2045
7296
3737
8791
1318
7805
7895
5947
8633
4800
5300
7855
6901
1130
1878
1506
54
6696
5856
5027
5608
6805
5945
3516
4668
3978
8359
7980
1121
724
7424
5858
104
487
4163
3749
3360
8982
3538
5352
8670
6738
260
3352
3530
1290
348
6895
7013
7321
9008
9002
6326
3829
7939
6168
9224
8177
7523
865
654
8102
1431
5884
6763
4084
3089
3103
5707
115
462
3500
1457
3364
9264
6476
6964
4909
2493
9098
604
8004
3310
684
1120
4889
8094
7940
6870
7739
1645
1603
1982
2984
6916
4304
5870
9969
5120
9243
6543
3854
3013
826
9875
9034
5735
8159
5854
8863
1481
4652
7069
9166
7854
7779
3132
6611
3605
5705
2107
9617
1866
5320
1663
6063
3783
4620
3848
8932
5929
642
3745
4784
5418
8681
1996
2949
4066
584
4424
5708
2963
6140
4896
9424
602
4199
5523
942
10
1938
6671
1030
3527
2647
1846
7364
1838
1164
4719
6338
4477
9422
2080
7549
8139
2708
6028
7108
7362
3903
5262
8725
4193
6013
8051
4849
9939
8379
5361
2340
1479
6871
594
4842
9236
405
2481
8029
2469
673
1010
1856
7830
802
6695
2546
542
4835
9706
4964
8526
469
2716
5788
2673
2800
3725
7163
3814
1094
1289
5051
2796
7279
7421
2053
4418
285
3646
4053
8950
1132
254
4649
7120
1597
4327
2350
4151
5816
6999
8955
262
4752
132
1583
1918
1451
4948
9946
8278
1436
4848
1771
1806
790
5728
719
4830
9116
8471
6825
2867
9251
2941
1471
4949
4452
2243
4778
2724
5963
7836
9064
5919
6941
4356
729
9287
1260
6254
2834
7573
5984
4929
3094
9275
100
9565
3704
3478
6782
4670
4177
8384
1372
5680
8279
7537
1832
4850
9722
7631
2499
6195
9480
2473
7283
7179
4910
2384
6219
3870
4640
4868
9892
1319
1447
9000
1894
1661
9352
7357
324
5821
3264
2946
8441
1043
5975
1659
1189
9696
5090
7908
1789
2503
45
5770
534
25
5838
3890
8035
8943
9648
4803
1191
6997
9078
2935
4623
2099
4485
5832
3330
3277
3653
8172
8574
6363
8173
8840
4706
7189
4051
7760
1549
6487
9041
5779
4150
9285
7472
158
8783
2954
4399
4406
8452
506
6198
2205
7957
7811
1879
8225
8071
3643
6852
5519
6553
7191
7913
2965
5070
8107
4711
3201
8447
6418
7937
9258
1798
8907
8121
2495
6244
5333
7889
6210
962
1917
1582
1068
716
2007
7733
3625
2747
2586
8148
6170
1439
1502
9281
9215
485
7340
3795
5374
4726
4686
7289
3988
7434
4648
2712
1064
9577
5164
2011
9691
2603
5827
8896
3994
5442
2311
2624
3487
6869
5232
618
2733
7772
8973
9564
7035
5206
8261
1684
2598
9903
1084
617
2451
7664
5044
1819
5830
6317
6071
979
5160
6399
423
3324
683
5793
4535
9594
9914
346
1015
3351
9139
9198
7213
1267
2528
8097
240
1558
5800
6539
2126
4870
2199
5394
2303
5112
6743
5875
4568
5587
9414
4394
3908
1675
1399
8181
2689
9528
4665
6846
8392
1077
5908
9538
5871
7411
5669
2084
9470
6376
4314
4512
9204
2628
4808
6267
6832
581
4770
3873
2142
2463
2519
47
8719
9427
7097
5982
3997
4302
4809
5387
3670
2977
1713
8874
3106
3662
6551
6989
8319
7486
287
8889
164
980
9389
4100
2185
3359
4453
4783
1914
9778
8274
3387
1053
7433
2604
4388
7503
7115
4602
4496
7810
247
3361
6438
5114
3909
8559
6029
1749
1433
2896
2504
6415
3382
6284
5434
7993
3590
6697
6070
5385
9857
4498
2869
4995
4478
3332
3648
2302
4816
29
1728
8868
5853
8174
6505
2073
5764
706
2468
5416
1988
1619
4935
3232
1453
3474
361
7821
3439
7533
4050
9140
810
9560
3223
7491
8908
9313
3405
4530
9164
376
814
7589
4007
4131
8829
5785
8904
8412
5097
3796
6991
5556
5117
1309
2019
6881
6693
3549
9584
7927
9728
8598
1754
9162
3711
8138
5125
992
9013
5718
2698
256
454
404
2083
690
8444
5484
6022
4473
8478
3365
7964
5189
7182
1943
3007
7334
7160
437
7065
5329
5676
5373
902
1129
1737
3946
858
3495
601
3655
4049
7603
5473
844
8775
839
1237
1939
9073
1941
3420
7263
7128
9619
4696
8677
2615
924
864
9789
1924
1580
3636
6352
6864
277
1016
2522
86
9910
8194
5470
6086
4457
7707
5059
5392
9143
6346
7840
566
3299
855
1111
9640
6784
2134
3743
9090
538
2520
1201
6737
50
4510
4823
8389
1934
1285
3885
1226
4947
9066
1428
1033
9156
8937
4039
6839
7063
354
2581
6860
1933
4112
6203
8919
9357
4480
1605
6087
8660
6753
5768
3476
4279
12
7555
1143
6638
4993
9965
7396
8408
3072
8804
3257
275
3366
9187
131
8059
2005
9516
1919
8164
9883
2184
5290
8200
1978
4067
4205
1696
9963
5765
1495
1516
9615
3317
2061
9539
2809
9662
9675
9958
7562
7251
7571
2570
7499
4664
9816
9620
6324
6848
2995
6286
4525
2907
1543
6327
400
4636
8502
3856
1800
5105
4771
760
9110
1981
7581
3897
9929
670
991
8487
9960
689
8890
8981
2435
6710
5654
6417
2769
9360
5736
3941
951
1341
7612
1648
4613
5723
7723
9003
7513
5774
7887
4347
1401
2293
3286
8281
4319
5459
6291
7316
3234
2812
4291
1339
5901
5234
2642
7158
6396
7132
6845
5291
1893
7431
4292
5019
2768
9746
9734
2020
9688
7202
4443
6761
3358
3957
1962
7831
7452
3036
7224
9756
8999
3055
777
9253
5271
8362
2633
9575
9195
9526
8312
16
7538
7947
2529
248
8544
9670
4011
7710
5903
330
9812
2684
1181
9071
6092
3543
1051
7834
2786
2497
1098
7208
8847
1172
2660
74
6280
5292
3802
5657
255
7561
4045
8656
8488
8039
9671
9909
8271
7102
4531
2240
4042
4858
9005
1627
3657
4224
8140
2088
2640
3964
152
5773
2957
4294
7712
2042
3558
8963
420
5866
302
2427
8233
1969
1875
9146
456
3329
3424
679
3742
3617
6863
6542
3301
1488
6601
5668
5852
3701
2789
1244
9625
4322
6360
9067
145
6271
6817
7149
1446
701
190
2815
6218
8178
1087
9406
1173
35
8787
3225
9950
8022
1042
1183
9084
2556
7382
2751
5227
5969
1807
7186
5631
7436
9684
4468
2763
6423
2462
7249
317
1573
8067
999
8703
9309
7981
8090
3857
978
7563
8808
5431
2868
8465
1849
8212
9108
6627
5089
2749
4724
7660
235
3859
1381
1859
6445
2482
2568
3914
8033
1320
8576
3920
3101
9836
1576
8900
6381
5430
2118
2206
9562
2726
1526
9289
8792
367
9724
1141
7230
3675
3107
8662
2062
9392
1200
2227
3437
7146
2154
9150
1744
6
3070
965
8440
4834
382
7656
4041
7764
4854
5368
7652
8235
441
4370
2704
5815
4298
7879
6171
8697
6373
1623
6251
8042
4626
5476
9397
8052
9796
1644
6573
772
1837
2317
3835
6303
7164
6496
2619
794
7766
7621
6216
3338
1538
1388
362
4352
1199
9815
9485
3346
9932
9802
1750
8912
9554
5184
8563
3469
7096
6558
820
640
9035
5939
3721
4386
7165
6795
3980
7050
825
5228
7257
932
8641
9504
1208
5688
6003
4543
9332
1467
3583
5082
7233
2255
8968
9256
8026
8727
5617
6243
449
1587
204
9207
1142
1409
4369
5110
653
8221
7407
6231
2588
1901
7742
2228
6554
7223
4350
2425
7720
4731
6829
568
7020
5714
7641
4772
5597
7668
8434
4071
5152
3735
2510
4824
5522
183
7324
9990
4837
8778
787
9605
2902
8063
5267
9741
8671
6686
529
4811
3131
5909
8898
532
1957
1408
2782
2658
1114
1029
7067
1876
7977
3744
4181
4760
9388
5066
2420
8141
9763
6647
671
7928
3934
6858
8512
4642
7007
8368
9369
3458
452
5958
4541
7905
6841
5501
2132
8157
5750
7457
6498
859
59
1905
9431
8596
8086
7628
6380
2174
889
415
8516
9996
6708
6943
4965
8505
4070
6099
1470
9607
949
8683
5011
7539
925
6478
9773
7098
1722
990
7004
3712
3808
6739
9745
7815
7960
6509
4605
6717
2291
3169
770
1095
919
7919
1045
182
1498
6164
4925
2707
3204
2106
762
8191
8104
3371
1038
589
4730
2855
73
2044
7000
8623
1599
5646
4839
2461
3380
6093
7785
3637
7672
4820
5301
1131
8259
9445
6538
5062
1240
500
6212
6996
2017
6364
7029
3568
4198
5794
1653
8613
1163
6589
406
363
2558
8942
8168
8342
1629
9190
3860
2699
6593
6906
3691
170
5388
765
1427
9184
7868
9920
6328
2037
389
3904
4886
1135
9666
6866
3883
6032
703
5466
5024
9574
4232
5542
1198
289
569
1980
6967
5322
5168
7851
9122
8884
6018
8249
5784
3751
2950
5197
998
2652
3671
8815
981
1076
7992
5486
774
3811
5382
1910
2762
8839
9986
6555
862
3179
2063
3949
9983
9559
5139
8680
4164
1610
9229
8270
6855
6027
5351
502
2489
730
2541
8407
2253
8752
1571
3644
5570
5212
6897
4449
1465
5699
5230
5789
3756
1822
6079
2882
5363
2441
5447
7386
2231
5533
7690
3092
4061
7801
9225
4223
6124
5410
9087
298
7119
6155
6625
2230
2219
9820
7829
6984
8091
4318
5
2703
8663
5096
7833
4931
9762
5761
935
4504
156
3492
1625
7616
2153
4171
7076
1494
3263
1295
5084
8816
464
89
7678
5314
7081
8529
7088
638
6813
6927
2417
4371
6416
2101
2715
953
1873
2339
1315
34
5192
3014
3551
2299
4277
6359
4414
5327
2068
3547
4060
7261
616
8695
5326
7624
6311
1690
6621
7658
4027
4099
6800
4091
7312
6827
1292
163
3151
5331
3572
3497
7044
8435
2374
6121
4513
5375
9049
1897
5081
2793
4456
9316
467
5835
1520
9177
5342
672
4174
7665
4429
8245
6494
212
9237
1598
9567
509
557
6854
5819
9458
4215
1275
9101
6159
4540
7256
6240
7802
3604
5072
2450
4979
3383
576
7726
4482
8604
3426
512
7717
5298
6458
5104
5907
1108
6780
8275
3083
7047
9167
6790
8056
5474
9826
9841
5145
7187
7359
9935
6648
7284
5584
4330
3488
8625
6912
2357
4056
4691
2725
5259
9099
8731
7661
8113
9797
23
1100
5771
7521
4549
9782
5229
1788
9382
3224
2075
6746
8788
759
7897
7819
5249
2710
4484
1745
4959
8398
4216
5594
172
8339
6830
7945
9637
106
1719
6448
4326
8149
1225
2104
2500
2123
8686
3278
9833
6669
8735
6972
6375
2175
2865
8838
6452
1069
1638
676
6956
7003
2576
3376
680
2687
1710
292
6184
2925
6835
9403
9847
9169
6701
5790
3898
7745
3728
1483
1429
2573
1478
9306
9027
4300
9959
4140
95
3374
9951
8417
608
3152
5848
5255
5185
5478
295
7659
7975
8608
715
3899
2564
394
3767
887
747
3218
5576
5962
6530
438
6470
6831
1261
7506
3029
1817
2164
9767
4488
8493
2113
6053
987
8987
3087
8707
3597
2899
2060
986
5135
8836
4248
9985
116
8833
2195
9076
9580
7016
6976
7294
4379
6137
3255
5458
1264
1157
3842
7168
1046
9168
6971
3472
8031
6963
7308
7298
1942
8741
1956
1774
5365
7714
1001
6298
1606
5414
8869
6337
4305
8476
5500
9362
7399
4631
9850
2329
7
2886
9117
829
8192
6550
6980
1379
8852
1727
5017
5780
6395
8161
2498
9293
2496
2135
7417
2920
2395
6968
9106
4714
1212
7867
9893
8064
206
4867
9387
8098
2992
4422
8127
7617
7125
6378
8217
2015
4156
8074
2289
8693
7545
1213
5038
15
2986
9632
6126
8961
8851
2512
8135
9484
6207
9568
6273
1658
5635
1317
4354
237
2127
775
7174
3954
3869
5843
356
1500
6276
1877
3645
5808
8933
6215
7092
7828
6580
1377
3481
7310
3475
8936
6898
2286
7901
977
6182
628
7682
7293
2086
1171
5182
4675
1110
4580
5073
9541
5628
783
5831
4390
8992
3618
3782
3394
3820
5697
4901
9191
8426
746
397
5123
6222
6698
3291
1075
9729
481
5550
9128
6237
2897
197
3779
4180
5899
8766
2665
7216
2318
6246
1160
9305
9234
2783
1716
9703
9712
1626
202
4584
3290
8001
66
1168
9240
8395
3202
6629
6605
9547
8333
875
3703
6771
8891
1024
3334
203
1298
2526
4721
205
7546
8410
8759
141
6408
7195
6634
9383
6961
7012
9658
8989
7073
5904
3837
1600
2602
4306
1581
831
1345
9941
9660
1060
3771
3147
3877
3069
5464
9310
4207
9561
4797
3066
930
3097
2111
5016
3230
2325
3668
6563
3922
536
5479
5201
3886
8967
5337
3128
3698
7917
3940
1450
2579
6959
7583
52
2552
8209
8132
137
8651
8244
88
3165
2457
9824
3350
2675
639
9901
712
2893
8984
228
3846
8182
5208
9161
4307
8994
7951
4209
9103
7732
5840
704
4358
3799
5989
3736
5600
1912
6911
1983
6200
1303
4570
2046
112
3450
5817
9368
2377
9716
8647
4344
6114
5115
7014
4660
688
244
403
1967
5702
5751
4490
893
7501
2697
7595
882
6754
8687
7952
9652
954
2915
9961
96
1432
8564
9291
6599
879
9948
5645
7880
3523
1786
4718
9221
9220
5682
99
9542
9060
6571
8306
6857
7767
1437
4966
5620
6464
308
835
151
1592
2864
8622
1441
8010
9846
632
9715
7023
7449
71
3157
6139
2315
6803
9337
4985
612
3442
1843
1115
7451
4815
2975
8566
7572
4195
1462
7161
3809
7799
2049
5343
1387
4244
2910
3889
7488
4520
3577
5499
1672
5563
9311
5242
3076
3462
6853
6736
8951
8214
4430
7153
8958
3467
1823
8053
8320
2686
8239
7111
2392
3490
7418
3114
9897
9171
8508
6715
4838
8114
7996
5802
4578
6758
1354
1720
958
7150
4845
4013
9659
1254
7019
2974
3186
1922
1355
2355
7724
9626
3237
5132
544
5611
1683
4402
771
2609
7025
796
7046
2022
531
3511
3686
3418
1444
503
269
5181
2745
4185
5035
940
243
1106
6874
2030
8509
5338
9922
5537
931
1294
5839
1119
7166
3000
5560
5528
8503
6362
7173
2076
6882
3902
9597
6577
4136
9915
7244
6801
3116
2258
3227
5013
7426
901
3172
4747
4597
7871
5672
1783
2843
4208
444
4561
9952
61
8250
619
2122
2407
2754
181
1694
2649
9695
446
9036
2431
2685
5119
8764
7366
9679
8768
3447
3567
8774
868
6427
1554
6389
6034
2271
2901
249
4445
3479
7527
2147
2589
7849
8034
2119
7100
5482
6982
3849
9407
1835
7507
1299
1125
9052
565
5566
5167
1466
7400
3133
988
7536
6419
8153
9232
6585
8733
9972
2518
266
9308
539
6778
9916
3
3433
2948
816
375
7932
1804
2307
5536
2740
5605
1990
9774
1966
4023
8390
3762
4475
5274
5063
655
6403
6721
4321
3231
5747
1825
7469
6981
8232
3803
6788
9193
9673
4139
2207
1322
78
2857
4220
9151
508
7874
1333
3188
2448
3748
570
7743
1109
4295
559
8798
5710
1519
9415
721
6824
4595
9641
8077
7446
422
8489
268
8532
8601
171
8076
3591
7090
476
4790
7934
5692
7430
3694
7634
9093
5278
3369
9443
5738
3825
1809
5076
2222
7453
6141
5882
4427
4494
1536
4351
2218
9709
5055
4600
5483
1082
1072
1639
6513
7370
3392
5113
9159
1631
5583
5350
7040
7051
5741
6030
8511
6225
8610
6358
5068
9765
9792
6762
6233
4754
7910
9612
3731
5996
6733
7498
7492
4746
2778
8334
1017
785
5127
9531
3521
9962
7309
6292
5218
5572
6535
2748
4546
968
1257
6341
4329
209
6388
2281
8850
8822
7888
4813
6340
4186
3136
4843
6156
5891
5712
9791
652
144
4433
1211
1155
7530
2777
2178
4658
3923
3541
4455
3979
1255
1440
533
8180
7900
1296
7193
8650
2536
3435
2436
7923
1522
5193
5236
360
409
2859
9787
9693
5855
6720
1840
4555
8649
9757
7374
5910
7999
2814
4522
4818
8084
5569
6724
4337
4121
1364
6541
1764
2612
1249
9587
3546
1515
4123
5441
6933
6410
2146
2720
1811
8983
7587
4030
9879
9183
5744
9720
311
3595
9749
755
4575
5993
9777
8424
8995
4669
2644
9053
1569
3485
6206
9114
9638
8254
475
6639
1501
8802
3517
8057
611
745
7961
3228
5539
9886
9913
3894
5753
8069
2890
7266
6833
7103
3088
18
3627
7719
1733
1785
6776
7751
6888
4582
7950
9535
482
2414
3611
8772
6482
2811
8642
8998
2018
1667
3695
3971
3806
4619
851
9010
1349
7331
695
6910
927
1559
2679
2756
6402
3378
7068
2024
8549
6224
8925
1026
5325
6457
4317
2280
6704
3421
3807
3111
1036
3587
8824
2370
9823
1158
8450
1757
6922
8914
5940
2292
5404
6393
3871
411
9604
8964
3135
853
8430
8260
9214
753
6884
2455
626
26
7876
1484
84
1468
1334
2472
2790
677
4611
123
5209
9192
549
4601
4728
7196
1269
8222
3798
7671
3983
8694
3759
2429
3017
17
5235
5435
3449
3989
3296
9521
8018
5602
1679
1008
3810
4190
2916
3033
9949
6793
8404
7903
9899
2534
7322
56
5371
7215
4860
913
1742
1485
22
1071
4308
1723
8658
4497
6930
3274
3171
3513
4871
6570
2252
6791
9753
1540
2525
4003
1338
1464
4581
219
1363
3613
9524
1079
7762
7920
9550
3603
7793
9175
5133
9667
2641
9325
7240
9710
7519
9107
8861
2165
5554
5179
4704
1047
4309
2620
42
8579
8078
8116
7504
8457
1204
3431
3323
5318
4407
2929
9844
468
7483
3084
1425
1265
8340
5413
3082
1552
8337
7317
7822
6489
5698
374
1867
5906
1390
6468
8786
6814
6001
798
4002
3852
3519
5933
6014
6789
9160
2313
9434
1054
8905
6709
840
7596
9527
414
2309
1886
1590
8523
3499
6353
6269
41
5886
961
6209
8929
6075
6146
8899
699
5428
1150
2819
2671
8915
4946
4105
2849
2852
7155
5471
2474
7982
6339
5157
8927
1003
223
6840
8582
5400
4499
1166
1697
6021
7383
781
267
7343
2077
4189
7475
944
5210
6651
3355
4548
6435
3213
4819
2264
8027
2382
749
7752
3425
6979
1568
2065
392
3967
848
1503
1152
6256
9811
6995
1066
4879
194
9324
3943
6026
3342
9570
1686
5739
5883
3341
9786
9933
2828
8072
7925
9038
3545
5888
53
5158
6245
9377
3652
4766
554
435
973
2900
4233
4411
1167
5721
7139
1565
3573
710
1618
629
3196
2501
8460
9012
7582
1896
2994
7856
4954
1280
3197
2217
3320
8857
1000
7325
3372
2193
6451
3339
9863
8326
8615
5140
7679
9837
1961
5204
1286
6975
8336
1724
1827
1958
1343
2081
5261
3705
9657
9502
9911
9435
4188
6189
6061
6770
296
1770
2333
458
9678
4019
7059
4759
5199
2059
4102
2895
8082
4470
426
9132
9987
3183
7346
7410
3931
1826
776
4419
2979
8514
7883
9992
2639
1714
4545
6531
4034
9438
6557
3203
6987
8448
6820
3304
4075
1217
5985
3822
5658
1904
6929
2672
4883
9154
6045
4863
320
4592
2058
2780
196
431
5961
6534
4757
2850
7423
1209
2248
3409
9396
7553
4655
7892
1218
9328
4235
7443
9257
736
8534
5251
9501
4380
3676
4583
3160
3078
8387
6667
4058
2251
257
4975
7394
7234
5285
6130
8299
920
4533
2426
4980
335
834
1521
3707
6279
6868
5233
4158
9643
2654
2287
7273
9419
5006
4243
6019
5378
4221
133
2338
5445
2533
4113
8109
3297
8453
6436
8335
5150
4762
9429
7597
1564
8624
8903
5653
5589
9097
8542
9912
1335
7768
3948
7635
445
2208
9705
1105
5526
4927
6582
5467
3682
176
2197
1052
1805
2006
9346
7203
155
6345
2089
5294
5806
8717
9954
8415
2415
9400
2004
5634
4906
130
9248
587
175
6786
7623
3023
2680
5258
8535
4035
3972
6226
6348
2215
3845
2353
8125
7101
8848
7579
5432
9682
5134
1203
9859
2595
6657
2719
3039
6036
7541
474
4345
2294
8118
3757
1342
8957
3950
6299
1360
491
3945
5595
6344
10000
8210
234
9486
9223
6957
7131
1113
7944
8631
5872
4353
8123
5495
1887
3905
5964
7988
1190
6350
1362
2260
8347
9408
3688
2182
496
6658
8291
4566
359
9358
9764
3159
9466
6484
7683
8699
782
2926
9033
8112
227
20
5270
4938
4552
9437
2514
157
9984
9482
1410
3259
3205
5561
8014
6287
6115
6465
8567
2540
5538
4586
2847
8131
6255
9135
7698
1040
3726
1134
6775
5632
2093
4255
8134
6958
3246
3533
5592
3600
6525
758
8726
3050
4487
4851
7489
7151
8500
3121
7667
297
1525
9219
1184
9185
2445
6618
5346
139
2133
143
1902
8862
9095
4348
284
120
6392
1615
5812
7973
793
960
9890
173
9999
1202
5991
5169
854
8918
1112
6644
9919
2987
6404
5088
4700
7608
886
7703
4392
8037
9900
7676
7231
2308
4247
2688
1976
9295
6042
6880
5391
7875
332
6264
7557
3764
8446
5530
6263
8880
696
4577
1596
2730
396
1712
1911
4272
8032
1161
2221
4551
4201
2300
900
2284
2898
8290
3305
8525
7709
8700
7567
2881
6110
5638
5399
5837
9727
6017
7864
7697
8402
2401
5444
7286
5505
7620
6049
524
6678
2459
184
5730
8580
5952
5890
4698
2695
4911
3482
9907
4464
3915
9876
6169
5315
7061
6329
717
2908
9205
7800
7681
7420
623
6873
7154
3876
3053
2810
7847
5143
7613
705
3921
5507
8119
7872
5046
6556
9895
4466
5689
5366
5942
9760
8165
9047
6479
3685
2365
5492
7315
1550
3962
1397
2758
1760
9872
1463
7171
3702
3303
9581
3161
32
2731
432
6946
1810
8875
9349
8897
3308
6668
4278
8315
3925
1756
4744
7250
5922
2336
1923
7084
911
8626
124
5792
3525
6025
7725
8008
3769
6689
9921
5510
2128
6904
6885
3049
9318
4609
3459
8199
150
8136
2961
5965
5643
7135
8009
5345
9057
1403
5524
3454
7650
6781
153
7074
8370
2661
79
6382
8616
4559
7104
8152
8187
1718
1692
5567
2962
7123
1187
4238
871
9142
1266
9021
6232
1300
9261
6347
5438
7259
610
7518
5717
3633
7403
5165
2487
5949
6756
291
5180
1221
1293
7057
4396
614
9506
1614
8015
8599
6962
5266
8383
7647
5928
8643
3817
9268
8954
4688
1472
6425
6356
9210
9141
229
2629
7402
928
4092
7528
2172
4554
3891
5677
6718
9945
4874
7974
3715
6229
8425
8397
1824
5244
1128
5196
2050
9490
225
7825
5094
270
5310
7416
6985
1162
9750
7558
5203
2638
7026
9601
8685
6440
8375
2656
2416
7493
8282
3336
3480
7577
6643
8267
80
803
154
6153
2475
5018
8058
3404
6308
5849
7275
3565
3267
1932
8767
5080
9494
7685
3866
1535
957
4694
5960
5956
1646
9995
5239
7643
6495
5026
259
6687
1078
7030
8722
3985
4393
4958
6449
7429
6712
9593
7297
402
2194
46
1170
125
6751
8227
8475
8206
2921
9072
2267
4792
7355
2413
8242
4945
1869
9200
9138
5159
7461
7677
6490
4526
3629
5060
4936
2894
6037
2863
8946
504
885
33
3758
2237
9979
7804
9740
6372
521
8409
6007
2936
8229
9404
6707
2071
8561
5069
1007
9385
1761
3173
1999
8175
6213
8202
7405
3210
1434
6319
6641
7214
6062
4081
1847
2779
563
5465
1979
8220
278
6932
6798
93
1575
7968
5686
8344
2681
948
3578
9497
9530
537
1179
3609
1359
9783
945
4286
2667
8543
6622
3331
6656
8456
5724
9266
4054
9317
4249
5293
5151
7246
972
4339
2009
6002
2023
1456
860
4687
6834
6566
4961
3293
1784
4616
436
7552
9399
9061
995
1452
9448
4236
8684
6059
5263
2452
7462
6268
5155
5511
9634
3952
5339
8126
3966
1995
507
7859
1118
2312
9956
6890
3430
6540
4780
9376
8228
7440
2846
4994
2223
2188
4793
1650
9390
5304
5783
7479
3819
9953
7015
479
1813
5715
6112
3432
1602
511
3503
4486
8162
4095
9062
4000
313
5637
1169
4537
1985
4984
6040
7896
7569
9109
6516
7942
5220
2966
8997
6187
6886
1147
915
2784
8479
7018
8793
8807
2803
6197
3928
9871
4515
1794
4913
9629
4108
1323
3496
1486
4133
7027
3623
2342
8130
3363
5629
4572
5226
1385
1954
5100
1595
3140
4462
6783
1541
4755
5101
1307
5955
2532
7702
3008
4166
427
5332
1380
2804
6043
1013
7280
5454
4574
6983
4116
1715
4955
2376
3569
5405
4643
4492
3739
2574
3781
5083
8366
2625
7032
7110
8276
3465
7219
3976
6597
5312
7058
3853
9333
6990
3878
3399
7669
4110
8396
7114
8871
5503
8993
2381
4086
5970
1903
7388
4990
5636
4878
9988
3659
3635
9563
483
8901
64
4192
7463
8007
516
8240
3674
3850
5336
897
2371
3741
5915
6740
6735
6325
5938
3451
1430
3719
2879
7428
9552
6561
1553
7515
2775
3260
6694
3990
2079
3570
8640
4153
8866
8730
5437
5295
4725
5579
6138
8193
8789
4240
5540
2422
7136
2263
6951
7689
1102
294
3844
5804
4159
4914
5706
8461
6623
2761
8782
6500
7036
6730
8654
8603
6502
6144
4252
2613
6876
7377
6692
9874
3156
7167
3200
2989
358
3722
9381
2934
6519
2090
6705
4857
4184
3138
1284
8496
7207
6166
7055
2214
4448
8953
2567
971
6252
5623
5383
634
1815
8931
4922
6665
697
9091
9702
8201
2705
6810
6729
7314
6750
7863
764
6548
7066
2861
8293
5171
3391
6369
232
9102
2369
4152
8856
1613
620
7747
8533
3493
2399
5178
9689
3651
6282
2983
8939
3047
513
3149
5516
2125
7209
7680
7313
9761
4627
8803
1620
9272
7761
6590
5582
3436
1669
3594
7099
2144
9685
1398
5810
7034
6807
6747
2978
1493
4130
526
7866
874
5925
8356
1101
8332
9340
5358
7437
1059
3851
1041
303
1588
7181
4273
6145
2739
6564
3556
2610
2430
3740
5703
6428
4756
5303
1419
4472
5879
7738
6809
1842
9265
9359
4173
5323
6532
8637
8749
3163
9977
4962
3086
8150
5260
7487
2028
4194
5541
4693
6143
9048
407
3129
2862
1570
5395
4814
7865
2321
1848
1192
8013
4138
748
7535
6008
2385
273
7599
1009
3020
8902
9944
7998
4591
1499
216
314
564
6285
3927
3375
560
3302
5085
4211
8758
7087
4197
7356
8581
6149
6015
3463
9334
2996
57
6654
274
5419
4934
4474
1435
3679
7823
8155
5401
9092
7994
3314
5439
4259
598
3056
68
1256
8577
7438
8977
8708
5518
69
4401
4928
7222
7354
4890
2880
3110
1291
2587
36
6908
7253
6977
8800
6289
6094
3982
8916
6935
6102
443
910
8843
5913
9578
5004
3477
30
8358
5614
5782
8204
13
8552
60
2434
5417
1262
8970
9647
3148
5407
9635
2268
5954
8556
3105
7183
8197
6336
8801
4038
1963
341
5202
76
6903
4598
2189
4614
766
3761
413
6521
1272
9799
3896
1766
8584
9739
9004
8876
4312
3939
6596
3142
9908
4635
2290
4885
7056
7184
8361
5289
1888
8025
6572
5043
6928
428
2332
3429
2070
7361
2816
1635
51
4170
8711
9242
4743
9697
8147
6655
7843
1194
8041
1514
1065
2960
9199
8569
1604
6944
651
6091
9829
808
1673
5002
7853
8129
6459
6134
5225
4588
1239
3001
38
8169
9924
722
2997
4064
4047
6332
9467
4997
7626
9785
1890
1960
6769
8255
595
8133
8881
9708
6128
849
191
6920
3882
6661
201
3473
648
9880
9642
6545
1282
8530
4048
3576
2515
9055
4463
4359
9179
9848
8506
7091
6802
9650
5805
3992
9296
4154
4973
7085
1092
2636
2835
3289
9096
3624
9747
3300
3776
1711
6236
5053
2741
4521
9766
779
5896
1892
4951
9918
3790
3542
5280
5056
2484
5369
72
1378
7979
4536
9037
1907
4856
7614
8146
6333
7505
1753
5762
7970
4639
6430
3986
2259
9858
6081
1383
7544
4044
5008
3911
8218
4625
4187
9425
5690
1205
9566
9282
4716
4844
94
1389
7290
7574
4262
8652
4094
9094
6719
6073
6323
4270
6822
6723
2419
2418
9546
5334
1913
6180
424
7955
107
6297
7344
1
1949
5649
2161
4409
9614
8572
5616
8213
6653
6173
888
6646
8867
2903
1793
8277
3935
5506
7358
9133
6947
4142
5729
3216
3717
7963
9244
5029
5087
2622
6391
5683
2884
6993
5763
3699
5647
5348
8917
8573
4228
4723
9520
1443
8144
2738
5497
1808
9781
3221
1927
3319
7754
1195
609
4697
3977
6281
6799
2272
6041
8713
9940
81
6047
2442
1279
161
5811
9860
4423
627
7305
3109
6680
7367
2152
8760
1020
3190
2239
2822
6221
7281
7200
7935
1545
1243
8986
2166
1248
2327
3501
342
3388
6314
6463
7898
5545
2914
2516
3337
8241
5860
3608
9661
4840
5663
1622
9726
7826
3030
2150
5513
6497
8421
3349
3385
3226
4355
5921
9019
208
136
4674
2378
7235
3585
8024
6879
3081
4389
4096
9654
6501
7531
2334
6307
4998
5656
5037
4179
7881
1769
8156
9572
8882
5930
8472
8468
6748
2198
7882
8570
3610
1717
1469
2542
2394
312
8423
7395
146
3690
1126
14
5877
6986
390
4287
5162
8422
4810
9701
3784
5543
8006
9127
8353
8527
5137
1028
8776
3006
1325
8348
4212
788
490
2191
8365
3120
6193
1407
8830
7926
9043
1002
6699
1773
7700
6473
7121
8818
7083
1792
8373
1577
9853
8176
9158
5966
7941
2213
982
9736
8747
9639
3470
6421
5959
2972
9124
8923
7185
8513
3553
9374
5752
3209
8438
9450
3586
5354
368
5111
1235
7787
5469
5425
4735
3827
4902
3692
6118
8075
4055
5722
3642
527
7372
8666
9496
751
7385
4500
8784
4101
9543
8879
2131
4253
8710
4940
9058
1477
2750
6633
4733
3506
2571
3526
8490
1816
3987
3752
8288
3785
6154
8754
4587
7439
1630
3177
6420
1682
6384
7033
8494
2985
9378
1662
3453
2363
9825
6537
4265
4384
4594
7011
6522
7329
3555
246
4362
7458
3639
3141
8093
4564
5166
7808
1748
2873
3907
6471
1732
465
9622
8678
1421
8920
5515
480
4413
6896
4915
4956
9462
2013
2446
2670
691
2549
7931
9906
2404
5863
4218
5776
8433
541
9788
8357
7117
4125
786
5420
7199
5859
7192
2645
9188
9330
8751
6726
3119
2808
5926
5562
4864
2976
7778
6909
3539
9737
1358
4767
2927
4006
3271
3051
9136
6716
2319
7670
5791
7409
8721
8930
2764
82
2594
4846
8485
5972
7319
8834
5675
3596
2508
3557
7178
9882
5455
2728
1940
7425
7687
525
4090
4671
5546
5911
821
9290
8143
2911
4360
6913
7258
9353
3206
974
7884
2358
8565
5593
6259
8750
8630
6058
9303
579
7133
8380
6406
9326
4021
4773
8061
2402
1037
6129
3115
5077
8043
5893
562
5758
333
6676
1340
7837
4505
1122
2380
4301
8575
2883
6310
7824
7625
5050
2958
6103
7500
3683
207
4503
8547
2939
7713
3654
5766
8329
6849
4727
5667
7605
381
8585
8945
2117
769
6150
3919
4734
5122
6755
5040
7953
6614
3288
3104
6504
5573
523
6064
6072
2531
3787
4260
4032
5725
5307
2085
7226
2590
58
9843
7141
5045
2352
1350
8269
7924
7156
8739
3750
9534
3887
7782
9211
2361
3028
2971
162
5534
6258
2082
1058
3677
7592
1555
7654
8627
8079
6615
1864
4037
2632
6342
5920
7080
6600
4217
6664
914
1423
7009
6383
7470
3684
6179
908
8557
9738
9451
9499
5057
7708
7390
7113
4624
7353
2454
4924
2453
5256
4882
4143
3938
5480
1137
7350
2163
4801
9440
1566
9583
4999
687
8184
6578
2887
593
8286
9189
8360
8349
65
4367
4833
7379
6411
3250
6097
7352
9070
8714
8065
5598
8495
7378
4461
4162
1589
1223
4395
3933
9487
2565
1751
2115
9461
4710
3673
339
2033
905
4556
7485
3158
2008
8413
5868
2389
9213
6434
5957
3381
857
3031
4763
7271
5514
8906
8692
5754
9456
9134
6785
7566
1874
3298
4134
9416
8985
7786
4996
3498
1413
2346
2572
8458
138
3419
9054
5807
8888
9147
9681
6051
1370
3194
8120
3706
1011
9329
5760
2930
5912
4290
8795
8023
5987
8737
9271
1276
9284
7750
9668
3486
6512
4807
8060
8773
8885
6808
3960
3125
3522
9505
7794
6576
5716
4114
7645
9174
7218
5932
5775
5450
7387
4653
720
7404
9386
1310
5829
2551
304
9645
9835
8439
2477
9474
9194
3167
5841
2563
5091
3127
1698
2048
7729
6060
7817
290
6357
4506
6499
9830
8151
6241
2485
7468
3011
3408
2967
6953
2323
7039
5951
6624
5931
4683
907
5311
8414
7809
2785
2097
1018
3816
2993
8913
8322
8974
2752
5422
3958
6004
3714
3786
4202
4450
2557
4458
7978
4338
4769
577
3965
7727
4967
2696
1937
3738
2970
6205
6165
3185
7238
8702
7524
1034
5317
5818
5787
8403
8555
1086
4018
7070
9571
6158
3834
4781
4544
6432
3772
5377
9123
660
7454
7559
6257
4036
3841
709
3265
4749
1857
1850
5944
8188
6135
6939
7060
147
9080
6493
185
6828
4289
7502
6604
784
4080
2141
1930
9348
4900
6945
4617
9649
9732
9040
9865
5496
9793
7813
8845
5393
7885
6734
9394
1660
2794
741
1367
8812
5674
7522
4895
8298
9717
1915
763
6057
3357
9970
4104
5644
4898
318
8374
3999
2933
5098
6547
9347
5914
200
9476
5732
881
8743
7456
9489
2937
340
9119
9663
5580
6546
2734
9209
2393
2047
7107
6773
7757
6514
9651
1302
6174
6837
3236
2279
4799
6266
5685
9384
3395
8226
3280
3599
6851
7038
9393
3800
6304
4257
7962
7784
7744
4077
5481
4421
1858
8841
5897
3212
5191
7495
6934
5067
5142
4502
4082
7675
1891
8110
5198
6826
9246
5857
7221
4316
4111
2190
4175
5924
852
7093
3455
1693
3709
641
5842
2391
7006
5075
8049
4065
7653
3975
4862
6077
649
6190
8002
3650
7734
4239
7412
2209
5028
6595
3955
9176
2922
9822
4400
6422
9375
4446
2464
343
4001
7140
880
4004
7930
5575
3390
3942
7954
3828
5574
4014
55
6998
3386
2773
890
5173
3004
5324
7542
9338
489
7276
3024
1174
3630
4365
8231
7841
4460
5443
7971
9838
5624
4132
7835
9579
5071
8459
5033
7795
5079
2242
8794
6405
4905
5559
7891
3444
7225
9551
7705
7326
5296
555
8467
5532
6466
478
3840
645
1702
7371
117
4062
9498
3656
8729
9968
2027
5131
4511
8171
466
8892
8028
5862
1270
2335
5367
1633
4403
6133
9030
2196
4629
9339
7268
8309
9842
4508
3554
8870
789
7716
3266
9144
6116
5999
7870
4663
822
2278
7699
9803
5488
4098
4579
4491
518
5288
8696
8823
6074
694
5241
21
1426
6613
5376
9452
7496
8246
4328
8728
4489
4020
9795
9100
1417
2569
4271
245
5700
6044
6583
5397
6343
6441
3768
1557
6152
1348
2411
4467
5172
9273
4282
9286
4740
1438
3410
5356
2449
8941
4129
5498
3956
3974
2663
3118
6607
7758
3936
9465
7041
425
9582
1740
7860
4869
5049
8740
3836
8744
5390
6098
946
8294
2904
923
7002
7376
9202
5386
6526
3512
8137
8805
4608
7262
2866
6862
8224
5408
9623
8092
3362
5009
8956
3233
7693
2040
4341
4991
2039
5128
8718
8474
5711
3402
3993
7432
7718
941
7509
5927
996
6816
8620
4251
9973
2917
6296
6437
8541
4459
9181
2833
5990
7995
964
7991
9831
7270
7632
9014
4222
7788
9798
1215
828
2608
401
6374
1365
3471
7688
644
2854
9905
9927
3815
6397
4149
9051
1232
3823
167
4425
1820
9126
3564
9779
24
3178
6727
2148
3441
5194
1562
8427
4288
8825
7336
5662
9980
7748
5836
3249
5121
1448
4567
265
3123
3021
8095
1476
8497
276
7252
3669
9345
4172
9029
7763
9821
2002
7844
3368
841
9372
7363
1504
3059
3153
1801
4527
4866
4753
3294
896
63
9186
8382
3460
9805
1220
5639
8600
8629
2837
7565
3343
7529
994
5759
7588
8609
3813
331
7369
5001
5894
6528
5147
6850
5065
9936
4776
5902
7610
9409
8698
5833
4986
6123
5941
9218
8858
4970
4266
2798
4534
7514
5402
4428
7481
1361
9993
6594
1895
6819
711
2792
5490
7143
9085
7651
463
6439
4119
4853
3929
4876
9533
2940
9276
7229
7177
4963
6318
2143
8363
3099
9500
4836
1347
4713
3794
5825
6161
2677
8806
9719
8215
4989
7467
4957
6679
9769
1301
5713
7966
8325
7797
5219
5359
8289
7946
2998
7959
4563
6950
6367
5564
9856
7618
7663
6711
8832
7997
5622
989
8367
471
5025
252
2928
4615
5472
7774
7773
1844
3515
7075
847
3619
3170
9145
9877
8099
3631
5146
3566
7291
1104
6485
5642
3867
3514
8454
8295
8183
4987
2831
6472
5876
969
4791
2233
9118
5456
7413
7902
3102
4284
5606
1752
9532
8762
7706
4715
8499
8455
1647
6925
8796
370
5603
8473
9203
7079
9517
2203
5095
5335
4894
6005
2818
3602
5078
9152
4387
4230
4528
9636
4705
7264
5457
5745
7118
8316
6759
8639
9600
7948
9178
3285
6973
4331
9545
6666
3244
5175
2858
9172
2955
6151
7985
6918
3354
6779
9754
4976
846
6106
4115
5679
7735
4313
1640
4789
5971
6262
7043
7777
4644
430
5695
8675
4242
242
217
3529
3440
9616
5727
3241
393
5671
380
9468
9656
5619
2823
3015
4646
4832
8285
6054
8318
9255
4117
4246
3307
6202
515
3620
1929
4103
6636
7969
9483
6016
2170
8706
8372
8230
6527
733
3862
9395
1238
2905
3309
6872
6401
6706
3273
3318
8691
8350
8632
1138
8066
9522
2666
8262
8676
7448
5461
7473
3765
4431
9937
5809
6409
3269
8343
9481
4907
5149
6228
1689
4437
488
6949
6690
9201
3384
693
7142
6082
6581
5279
8364
8501
2664
7586
119
6645
6194
3052
5512
4514
7736
5988
3884
8949
8300
1828
7627
6201
1656
4884
6010
7148
7775
6442
5777
4817
8085
4261
6424
5578
5268
8621
3892
4974
3900
3071
4310
4311
2095
2643
1242
5660
9704
3970
9599
7916
9926
8659
3874
8205
5340
5633
9016
6475
3187
8597
9495
5041
9017
9854
3561
5305
4074
9633
4553
6278
9155
3666
5601
8723
9245
8351
2056
2597
3090
6431
231
6349
4245
6033
7803
4841
3805
8682
9742
5650
2848
3589
8860
8073
8483
6587
625
6175
3398
9591
7598
4017
9069
5719
8777
3181
8048
3164
7594
3969
9624
4519
8944
9222
3316
3615
4745
6856
8185
4008
7556
6520
6355
7278
7666
7684
3861
836
279
4118
9020
9870
5898
6894
5881
3044
3245
1708
4043
3333
9473
9009
4410
5548
7792
8969
3239
9982
7741
6660
8030
7005
9023
8811
4093
700
2607
8653
1637
8820
4079
5092
4538
9026
4707
8558
3434
8606
9405
9644
6515
3621
2078
2690
2755
583
6620
6630
8753
8406
6104
2791
3466
9366
3729
9050
6330
2827
4293
6812
4267
5571
9887
7846
9772
5403
8310
6331
5381
8746
6024
4703
4146
9519
7578
9259
3888
7037
9981
6394
7637
9569
5905
7144
3536
2774
3379
8689
6491
2875
1986
9472
3753
6560
1567
8864
4794
9770
9878
6628
4751
9475
9250
7731
9165
4137
3327
9807
3612
7984
5034
6670
6544
9896
6312
2575
4942
4739
8096
5217
9045
7576
7606
8420
4861
5299
6414
3991
6178
6937
9059
5277
4920
7655
592
6031
6067
8481
5822
5355
5615
9488
